@:SES = import(module:'SES.Core');
@:Cart = SES.Cartridge;


// Sets ascii tiles 
// that can be used for displaying text

@:offset = 0;
Cart.Tile.set(
    index: offset,
    data: [
        4, 0, 0, 0, 0, 0, 0, 0,
        4, 0, 0, 0, 0, 0, 0, 0,
        4, 0, 0, 0, 0, 0, 0, 0,
        4, 0, 0, 0, 0, 0, 0, 0,
        4, 0, 0, 0, 0, 0, 0, 0,
        4, 0, 0, 0, 0, 0, 0, 0,
        4, 0, 0, 0, 0, 0, 0, 0,
        4, 0, 0, 0, 0, 0, 0, 0,
    ]
);

Cart.Tile.set(
    index: ' '->charCodeAt(index:0)+offset,
    data: [
        0, 0, 0, 0, 0, 0, 0, 0,
        0, 0, 0, 0, 0, 0, 0, 0,
        0, 0, 0, 0, 0, 0, 0, 0,
        0, 0, 0, 0, 0, 0, 0, 0,
        0, 0, 0, 0, 0, 0, 0, 0,
        0, 0, 0, 0, 0, 0, 0, 0,
        0, 0, 0, 0, 0, 0, 0, 0,
        0, 0, 0, 0, 0, 0, 0, 0
    ]
);

Cart.Tile.set(
    index: '\t'->charCodeAt(index:0)+offset,
    data: [
        0, 0, 0, 0, 0, 0, 0, 0,
        0, 0, 0, 0, 0, 0, 0, 0,
        0, 0, 0, 0, 0, 0, 0, 0,
        0, 0, 0, 0, 0, 0, 0, 0,
        0, 0, 0, 0, 0, 0, 0, 0,
        0, 0, 0, 0, 0, 0, 0, 0,
        0, 0, 0, 0, 0, 0, 0, 0,
        0, 0, 0, 0, 0, 0, 0, 0
    ]
);

Cart.Tile.set(
    index: '\n'->charCodeAt(index:0)+offset,
    data: [
        0, 0, 0, 0, 0, 0, 0, 0,
        0, 0, 0, 0, 0, 0, 0, 0,
        0, 0, 0, 0, 0, 0, 0, 0,
        0, 0, 0, 0, 0, 0, 0, 0,
        0, 0, 0, 0, 0, 0, 0, 0,
        0, 0, 0, 0, 0, 0, 0, 0,
        0, 0, 0, 0, 0, 0, 0, 0,
        0, 0, 0, 0, 0, 0, 0, 0
    ]
);                

Cart.Tile.set(
    index: 'A'->charCodeAt(index:0)+offset,
    data: [
        0, 0, 0, 0, 0, 0, 0, 0,
        0, 0, 4, 0, 0, 0, 0, 0,
        0, 4, 0, 4, 0, 0, 0, 0,
        0, 4, 0, 4, 0, 0, 0, 0,
        0, 4, 4, 4, 0, 0, 0, 0,
        4, 0, 0, 0, 4, 0, 0, 0,
        4, 0, 0, 0, 4, 0, 0, 0,
        4, 0, 0, 0, 4, 0, 0, 0
    ]
);


Cart.Tile.set(
    index: 'B'->charCodeAt(index:0)+offset,
    data: [
        0, 0, 0, 0, 0, 0, 0, 0,
        4, 4, 4, 4, 0, 0, 0, 0,
        4, 0, 0, 0, 4, 0, 0, 0,
        4, 0, 0, 0, 4, 0, 0, 0,
        4, 4, 4, 4, 0, 0, 0, 0,
        4, 0, 0, 0, 4, 0, 0, 0,
        4, 0, 0, 0, 4, 0, 0, 0,
        4, 4, 4, 4, 0, 0, 0, 0
    ]
);

Cart.Tile.set(
    index: 'C'->charCodeAt(index:0)+offset,
    data: [
        0, 0, 0, 0, 0, 0, 0, 0,
        0, 4, 4, 4, 0, 0, 0, 0,
        4, 0, 0, 0, 4, 0, 0, 0,
        4, 0, 0, 0, 0, 0, 0, 0,
        4, 0, 0, 0, 0, 0, 0, 0,
        4, 0, 0, 0, 0, 0, 0, 0,
        4, 0, 0, 0, 4, 0, 0, 0,
        0, 4, 4, 4, 0, 0, 0, 0
    ]
);


Cart.Tile.set(
    index: 'D'->charCodeAt(index:0)+offset,
    data: [
        0, 0, 0, 0, 0, 0, 0, 0,
        4, 4, 4, 4, 0, 0, 0, 0,
        4, 0, 0, 0, 4, 0, 0, 0,
        4, 0, 0, 0, 4, 0, 0, 0,
        4, 0, 0, 0, 4, 0, 0, 0,
        4, 0, 0, 0, 4, 0, 0, 0,
        4, 0, 0, 0, 4, 0, 0, 0,
        4, 4, 4, 4, 0, 0, 0, 0
    ]
);

Cart.Tile.set(
    index: 'E'->charCodeAt(index:0)+offset,
    data: [
        0, 0, 0, 0, 0, 0, 0, 0,
        4, 4, 4, 4, 4, 0, 0, 0,
        4, 0, 0, 0, 0, 0, 0, 0,
        4, 0, 0, 0, 0, 0, 0, 0,
        4, 4, 4, 4, 0, 0, 0, 0,
        4, 0, 0, 0, 0, 0, 0, 0,
        4, 0, 0, 0, 0, 0, 0, 0,
        4, 4, 4, 4, 4, 0, 0, 0
    ]
);

Cart.Tile.set(
    index: 'F'->charCodeAt(index:0)+offset,
    data: [
        0, 0, 0, 0, 0, 0, 0, 0,
        4, 4, 4, 4, 4, 0, 0, 0,
        4, 0, 0, 0, 0, 0, 0, 0,
        4, 0, 0, 0, 0, 0, 0, 0,
        4, 4, 4, 4, 0, 0, 0, 0,
        4, 0, 0, 0, 0, 0, 0, 0,
        4, 0, 0, 0, 0, 0, 0, 0,
        4, 0, 0, 0, 0, 0, 0, 0
    ]
); 


Cart.Tile.set(
    index: 'G'->charCodeAt(index:0)+offset,
    data: [
        0, 0, 0, 0, 0, 0, 0, 0,
        0, 4, 4, 4, 0, 0, 0, 0,
        4, 0, 0, 0, 4, 0, 0, 0,
        4, 0, 0, 0, 0, 0, 0, 0,
        4, 0, 0, 4, 4, 0, 0, 0,
        4, 0, 0, 0, 4, 0, 0, 0,
        4, 0, 0, 0, 4, 0, 0, 0,
        0, 4, 4, 4, 4, 0, 0, 0
    ]
);    

Cart.Tile.set(
    index: 'H'->charCodeAt(index:0)+offset,
    data: [
        0, 0, 0, 0, 0, 0, 0, 0,
        4, 0, 0, 0, 4, 0, 0, 0,
        4, 0, 0, 0, 4, 0, 0, 0,
        4, 0, 0, 0, 4, 0, 0, 0,
        4, 4, 4, 4, 4, 0, 0, 0,
        4, 0, 0, 0, 4, 0, 0, 0,
        4, 0, 0, 0, 4, 0, 0, 0,
        4, 0, 0, 0, 4, 0, 0, 0
    ]
);

Cart.Tile.set(
    index: 'I'->charCodeAt(index:0)+offset,
    data: [
        0, 0, 0, 0, 0, 0, 0, 0,
        4, 4, 4, 4, 4, 0, 0, 0,
        0, 0, 4, 0, 0, 0, 0, 0,
        0, 0, 4, 0, 0, 0, 0, 0,
        0, 0, 4, 0, 0, 0, 0, 0,
        0, 0, 4, 0, 0, 0, 0, 0,
        0, 0, 4, 0, 0, 0, 0, 0,
        4, 4, 4, 4, 4, 0, 0, 0
    ]
);    


Cart.Tile.set(
    index: 'J'->charCodeAt(index:0)+offset,
    data: [
        0, 0, 0, 0, 0, 0, 0, 0,
        0, 0, 4, 4, 4, 0, 0, 0,
        0, 0, 0, 0, 4, 0, 0, 0,
        0, 0, 0, 0, 4, 0, 0, 0,
        0, 0, 0, 0, 4, 0, 0, 0,
        0, 0, 0, 0, 4, 0, 0, 0,
        4, 0, 0, 0, 4, 0, 0, 0,
        0, 4, 4, 4, 0, 0, 0, 0
    ]
);


Cart.Tile.set(
    index: 'K'->charCodeAt(index:0)+offset,
    data: [
        0, 0, 0, 0, 0, 0, 0, 0,
        4, 0, 0, 0, 4, 0, 0, 0,
        4, 0, 0, 4, 0, 0, 0, 0,
        4, 0, 4, 0, 0, 0, 0, 0,
        4, 4, 0, 0, 0, 0, 0, 0,
        4, 0, 4, 0, 0, 0, 0, 0,
        4, 0, 0, 4, 0, 0, 0, 0,
        4, 0, 0, 0, 4, 0, 0, 0
    ]
);    

Cart.Tile.set(
    index: 'L'->charCodeAt(index:0)+offset,
    data: [
        0, 0, 0, 0, 0, 0, 0, 0,
        4, 0, 0, 0, 0, 0, 0, 0,
        4, 0, 0, 0, 0, 0, 0, 0,
        4, 0, 0, 0, 0, 0, 0, 0,
        4, 0, 0, 0, 0, 0, 0, 0,
        4, 0, 0, 0, 0, 0, 0, 0,
        4, 0, 0, 0, 0, 0, 0, 0,
        4, 4, 4, 4, 4, 0, 0, 0
    ]
);

Cart.Tile.set(
    index: 'M'->charCodeAt(index:0)+offset,
    data: [
        0, 0, 0, 0, 0, 0, 0, 0,
        4, 0, 0, 0, 4, 0, 0, 0,
        4, 4, 0, 4, 4, 0, 0, 0,
        4, 0, 4, 0, 4, 0, 0, 0,
        4, 0, 0, 0, 4, 0, 0, 0,
        4, 0, 0, 0, 4, 0, 0, 0,
        4, 0, 0, 0, 4, 0, 0, 0,
        4, 0, 0, 0, 4, 0, 0, 0
    ]
);

Cart.Tile.set(
    index: 'N'->charCodeAt(index:0)+offset,
    data: [
        0, 0, 0, 0, 0, 0, 0, 0,
        4, 0, 0, 0, 4, 0, 0, 0,
        4, 0, 0, 0, 4, 0, 0, 0,
        4, 4, 0, 0, 4, 0, 0, 0,
        4, 0, 4, 0, 4, 0, 0, 0,
        4, 0, 0, 4, 4, 0, 0, 0,
        4, 0, 0, 0, 4, 0, 0, 0,
        4, 0, 0, 0, 4, 0, 0, 0
    ]
);

Cart.Tile.set(
    index: 'O'->charCodeAt(index:0)+offset,
    data: [
        0, 0, 0, 0, 0, 0, 0, 0,
        0, 4, 4, 4, 0, 0, 0, 0,
        4, 0, 0, 0, 4, 0, 0, 0,
        4, 0, 0, 0, 4, 0, 0, 0,
        4, 0, 0, 0, 4, 0, 0, 0,
        4, 0, 0, 0, 4, 0, 0, 0,
        4, 0, 0, 0, 4, 0, 0, 0,
        0, 4, 4, 4, 0, 0, 0, 0
    ]
);

Cart.Tile.set(
    index: 'P'->charCodeAt(index:0)+offset,
    data: [
        0, 0, 0, 0, 0, 0, 0, 0,
        4, 4, 4, 4, 0, 0, 0, 0,
        4, 0, 0, 0, 4, 0, 0, 0,
        4, 0, 0, 0, 4, 0, 0, 0,
        4, 4, 4, 4, 0, 0, 0, 0,
        4, 0, 0, 0, 0, 0, 0, 0,
        4, 0, 0, 0, 0, 0, 0, 0,
        4, 0, 0, 0, 0, 0, 0, 0
    ]
);

Cart.Tile.set(
    index: 'Q'->charCodeAt(index:0)+offset,
    data: [
        0, 0, 0, 0, 0, 0, 0, 0,
        0, 4, 4, 4, 0, 0, 0, 0,
        4, 0, 0, 0, 4, 0, 0, 0,
        4, 0, 0, 0, 4, 0, 0, 0,
        4, 0, 0, 0, 4, 0, 0, 0,
        4, 0, 4, 0, 4, 0, 0, 0,
        4, 0, 0, 4, 0, 0, 0, 0,
        0, 4, 4, 0, 4, 0, 0, 0
    ]
);

Cart.Tile.set(
    index: 'R'->charCodeAt(index:0)+offset,
    data: [
        0, 0, 0, 0, 0, 0, 0, 0,
        4, 4, 4, 4, 0, 0, 0, 0,
        4, 0, 0, 0, 4, 0, 0, 0,
        4, 0, 0, 0, 4, 0, 0, 0,
        4, 4, 4, 4, 0, 0, 0, 0,
        4, 0, 4, 0, 0, 0, 0, 0,
        4, 0, 0, 4, 0, 0, 0, 0,
        4, 0, 0, 0, 4, 0, 0, 0
    ]
);

Cart.Tile.set(
    index: 'S'->charCodeAt(index:0)+offset,
    data: [
        0, 0, 0, 0, 0, 0, 0, 0,
        0, 4, 4, 4, 0, 0, 0, 0,
        4, 0, 0, 0, 4, 0, 0, 0,
        4, 0, 0, 0, 0, 0, 0, 0,
        0, 4, 4, 4, 0, 0, 0, 0,
        0, 0, 0, 0, 4, 0, 0, 0,
        4, 0, 0, 0, 4, 0, 0, 0,
        0, 4, 4, 4, 0, 0, 0, 0
    ]
);    

Cart.Tile.set(
    index: 'T'->charCodeAt(index:0)+offset,
    data: [
        0, 0, 0, 0, 0, 0, 0, 0,
        4, 4, 4, 4, 4, 0, 0, 0,
        0, 0, 4, 0, 0, 0, 0, 0,
        0, 0, 4, 0, 0, 0, 0, 0,
        0, 0, 4, 0, 0, 0, 0, 0,
        0, 0, 4, 0, 0, 0, 0, 0,
        0, 0, 4, 0, 0, 0, 0, 0,
        0, 0, 4, 0, 0, 0, 0, 0
    ]
);    

Cart.Tile.set(
    index: 'U'->charCodeAt(index:0)+offset,
    data: [
        0, 0, 0, 0, 0, 0, 0, 0,
        4, 0, 0, 0, 4, 0, 0, 0,
        4, 0, 0, 0, 4, 0, 0, 0,
        4, 0, 0, 0, 4, 0, 0, 0,
        4, 0, 0, 0, 4, 0, 0, 0,
        4, 0, 0, 0, 4, 0, 0, 0,
        4, 0, 0, 0, 4, 0, 0, 0,
        0, 4, 4, 4, 0, 0, 0, 0
    ]
);

Cart.Tile.set(
    index: 'V'->charCodeAt(index:0)+offset,
    data: [
        0, 0, 0, 0, 0, 0, 0, 0,
        4, 0, 0, 0, 4, 0, 0, 0,
        4, 0, 0, 0, 4, 0, 0, 0,
        4, 0, 0, 0, 4, 0, 0, 0,
        0, 4, 0, 4, 0, 0, 0, 0,
        0, 4, 0, 4, 0, 0, 0, 0,
        0, 4, 0, 4, 0, 0, 0, 0,
        0, 0, 4, 0, 0, 0, 0, 0
    ]
);

Cart.Tile.set(
    index: 'W'->charCodeAt(index:0)+offset,
    data: [
        0, 0, 0, 0, 0, 0, 0, 0,
        4, 0, 0, 0, 4, 0, 0, 0,
        4, 0, 0, 0, 4, 0, 0, 0,
        4, 0, 4, 0, 4, 0, 0, 0,
        4, 0, 4, 0, 4, 0, 0, 0,
        0, 4, 0, 4, 0, 0, 0, 0,
        0, 4, 0, 4, 0, 0, 0, 0,
        0, 4, 0, 4, 0, 0, 0, 0
    ]
);

Cart.Tile.set(
    index: 'X'->charCodeAt(index:0)+offset,
    data: [
        0, 0, 0, 0, 0, 0, 0, 0,
        4, 0, 0, 0, 4, 0, 0, 0,
        4, 0, 0, 0, 4, 0, 0, 0,
        0, 4, 0, 4, 0, 0, 0, 0,
        0, 0, 4, 0, 0, 0, 0, 0,
        0, 4, 0, 4, 0, 0, 0, 0,
        4, 0, 0, 0, 4, 0, 0, 0,
        4, 0, 0, 0, 4, 0, 0, 0
    ]
);    

Cart.Tile.set(
    index: 'Y'->charCodeAt(index:0)+offset,
    data: [
        0, 0, 0, 0, 0, 0, 0, 0,
        4, 0, 0, 0, 4, 0, 0, 0,
        4, 0, 0, 0, 4, 0, 0, 0,
        0, 4, 0, 4, 0, 0, 0, 0,
        0, 0, 4, 0, 0, 0, 0, 0,
        0, 0, 4, 0, 0, 0, 0, 0,
        0, 0, 4, 0, 0, 0, 0, 0,
        0, 0, 4, 0, 0, 0, 0, 0
    ]
);    

Cart.Tile.set(
    index: 'Z'->charCodeAt(index:0)+offset,
    data: [
        0, 0, 0, 0, 0, 0, 0, 0,
        4, 4, 4, 4, 4, 0, 0, 0,
        0, 0, 0, 0, 4, 0, 0, 0,
        0, 0, 0, 4, 0, 0, 0, 0,
        0, 0, 4, 0, 0, 0, 0, 0,
        0, 4, 0, 0, 0, 0, 0, 0,
        4, 0, 0, 0, 0, 0, 0, 0,
        4, 4, 4, 4, 4, 0, 0, 0
    ]
);






Cart.Tile.set(
    index: 'a'->charCodeAt(index:0)+offset,
    data: [
        0, 0, 0, 0, 0, 0, 0, 0,
        0, 0, 0, 0, 0, 0, 0, 0,
        0, 0, 0, 0, 0, 0, 0, 0,
        4, 4, 4, 4, 0, 0, 0, 0,
        0, 0, 0, 0, 4, 0, 0, 0,
        0, 4, 4, 4, 4, 0, 0, 0,
        4, 0, 0, 0, 4, 0, 0, 0,
        0, 4, 4, 4, 4, 0, 0, 0
    ]
);

Cart.Tile.set(
    index: 'b'->charCodeAt(index:0)+offset,
    data: [
        0, 0, 0, 0, 0, 0, 0, 0,
        4, 0, 0, 0, 0, 0, 0, 0,
        4, 0, 0, 0, 0, 0, 0, 0,
        4, 0, 4, 4, 0, 0, 0, 0,
        4, 4, 0, 0, 4, 0, 0, 0,
        4, 0, 0, 0, 4, 0, 0, 0,
        4, 0, 0, 0, 4, 0, 0, 0,
        4, 4, 4, 4, 0, 0, 0, 0
    ]
);

Cart.Tile.set(
    index: 'c'->charCodeAt(index:0)+offset,
    data: [
        0, 0, 0, 0, 0, 0, 0, 0,
        0, 0, 0, 0, 0, 0, 0, 0,
        0, 0, 0, 0, 0, 0, 0, 0,
        0, 4, 4, 4, 0, 0, 0, 0,
        4, 0, 0, 0, 4, 0, 0, 0,
        4, 0, 0, 0, 0, 0, 0, 0,
        4, 0, 0, 0, 4, 0, 0, 0,
        0, 4, 4, 4, 0, 0, 0, 0
    ]
);    

Cart.Tile.set(
    index: 'd'->charCodeAt(index:0)+offset,
    data: [
        0, 0, 0, 0, 0, 0, 0, 0,
        0, 0, 0, 0, 4, 0, 0, 0,
        0, 0, 0, 0, 4, 0, 0, 0,
        0, 4, 4, 0, 4, 0, 0, 0,
        4, 0, 0, 4, 4, 0, 0, 0,
        4, 0, 0, 0, 4, 0, 0, 0,
        4, 0, 0, 0, 4, 0, 0, 0,
        0, 4, 4, 4, 4, 0, 0, 0
    ]
);

Cart.Tile.set(
    index: 'e'->charCodeAt(index:0)+offset,
    data: [
        0, 0, 0, 0, 0, 0, 0, 0,
        0, 0, 0, 0, 0, 0, 0, 0,
        0, 0, 0, 0, 0, 0, 0, 0,
        0, 4, 4, 4, 0, 0, 0, 0,
        4, 0, 0, 0, 4, 0, 0, 0,
        4, 4, 4, 4, 0, 0, 0, 0,
        4, 0, 0, 0, 0, 0, 0, 0,
        0, 4, 4, 4, 4, 0, 0, 0
    ]
);


Cart.Tile.set(
    index: 'f'->charCodeAt(index:0)+offset,
    data: [
        0, 0, 0, 0, 0, 0, 0, 0,
        0, 0, 0, 4, 4, 0, 0, 0,
        0, 0, 4, 0, 0, 0, 0, 0,
        0, 0, 4, 0, 0, 0, 0, 0,
        0, 4, 4, 4, 0, 0, 0, 0,
        0, 0, 4, 0, 0, 0, 0, 0,
        0, 0, 4, 0, 0, 0, 0, 0,
        0, 0, 4, 0, 0, 0, 0, 0
    ]
);

Cart.Tile.set(
    index: 'g'->charCodeAt(index:0)+offset,
    data: [
        0, 0, 0, 0, 0, 0, 0, 0,
        0, 0, 0, 0, 0, 0, 0, 0,
        0, 4, 4, 4, 4, 0, 0, 0,
        4, 0, 0, 0, 4, 0, 0, 0,
        4, 0, 0, 4, 4, 0, 0, 0,
        0, 4, 4, 0, 4, 0, 0, 0,
        0, 0, 0, 0, 4, 0, 0, 0,
        4, 4, 4, 4, 0, 0, 0, 0
    ]
);

Cart.Tile.set(
    index: 'h'->charCodeAt(index:0)+offset,
    data: [
        0, 0, 0, 0, 0, 0, 0, 0,
        4, 0, 0, 0, 0, 0, 0, 0,
        4, 0, 0, 0, 0, 0, 0, 0,
        4, 0, 4, 4, 0, 0, 0, 0,
        4, 4, 0, 0, 4, 0, 0, 0,
        4, 0, 0, 0, 4, 0, 0, 0,
        4, 0, 0, 0, 4, 0, 0, 0,
        4, 0, 0, 0, 4, 0, 0, 0
    ]
);


Cart.Tile.set(
    index: 'i'->charCodeAt(index:0)+offset,
    data: [
        0, 0, 0, 0, 0, 0, 0, 0,
        0, 0, 0, 0, 0, 0, 0, 0,
        0, 0, 4, 0, 0, 0, 0, 0,
        0, 0, 0, 0, 0, 0, 0, 0,
        4, 4, 4, 0, 0, 0, 0, 0,
        0, 0, 4, 0, 0, 0, 0, 0,
        0, 0, 4, 0, 0, 0, 0, 0,
        4, 4, 4, 4, 4, 0, 0, 0
    ]
);

Cart.Tile.set(
    index: 'j'->charCodeAt(index:0)+offset,
    data: [
        0, 0, 0, 0, 0, 0, 0, 0,
        0, 0, 0, 0, 0, 0, 0, 0,
        0, 0, 0, 0, 4, 0, 0, 0,
        0, 0, 0, 0, 0, 0, 0, 0,
        0, 0, 4, 4, 4, 0, 0, 0,
        0, 0, 0, 0, 4, 0, 0, 0,
        4, 0, 0, 0, 4, 0, 0, 0,
        0, 4, 4, 4, 0, 0, 0, 0
    ]
);    

Cart.Tile.set(
    index: 'k'->charCodeAt(index:0)+offset,
    data: [
        0, 0, 0, 0, 0, 0, 0, 0,
        4, 0, 0, 0, 0, 0, 0, 0,
        4, 0, 0, 0, 0, 0, 0, 0,
        4, 0, 0, 0, 4, 0, 0, 0,
        4, 0, 0, 4, 0, 0, 0, 0,
        4, 4, 4, 0, 0, 0, 0, 0,
        4, 0, 0, 4, 0, 0, 0, 0,
        4, 0, 0, 0, 4, 0, 0, 0
    ]
);

Cart.Tile.set(
    index: 'l'->charCodeAt(index:0)+offset,
    data: [
        0, 0, 0, 0, 0, 0, 0, 0,
        4, 4, 4, 0, 0, 0, 0, 0,
        0, 0, 4, 0, 0, 0, 0, 0,
        0, 0, 4, 0, 0, 0, 0, 0,
        0, 0, 4, 0, 0, 0, 0, 0,
        0, 0, 4, 0, 0, 0, 0, 0,
        0, 0, 4, 0, 0, 0, 0, 0,
        0, 0, 0, 4, 4, 0, 0, 0
    ]
);

Cart.Tile.set(
    index: 'm'->charCodeAt(index:0)+offset,
    data: [
        0, 0, 0, 0, 0, 0, 0, 0,
        0, 0, 0, 0, 0, 0, 0, 0,
        0, 0, 0, 0, 0, 0, 0, 0,
        4, 0, 4, 0, 0, 0, 0, 0,
        4, 4, 4, 4, 0, 0, 0, 0,
        4, 0, 4, 0, 4, 0, 0, 0,
        4, 0, 4, 0, 4, 0, 0, 0,
        4, 0, 4, 0, 4, 0, 0, 0
    ]
);

Cart.Tile.set(
    index: 'n'->charCodeAt(index:0)+offset,
    data: [
        0, 0, 0, 0, 0, 0, 0, 0,
        0, 0, 0, 0, 0, 0, 0, 0,
        0, 0, 0, 0, 0, 0, 0, 0,
        4, 0, 4, 4, 0, 0, 0, 0,
        4, 4, 0, 0, 4, 0, 0, 0,
        4, 0, 0, 0, 4, 0, 0, 0,
        4, 0, 0, 0, 4, 0, 0, 0,
        4, 0, 0, 0, 4, 0, 0, 0
    ]
);

Cart.Tile.set(
    index: 'o'->charCodeAt(index:0)+offset,
    data: [
        0, 0, 0, 0, 0, 0, 0, 0,
        0, 0, 0, 0, 0, 0, 0, 0,
        0, 0, 0, 0, 0, 0, 0, 0,
        0, 4, 4, 4, 0, 0, 0, 0,
        4, 0, 0, 0, 4, 0, 0, 0,
        4, 0, 0, 0, 4, 0, 0, 0,
        4, 0, 0, 0, 4, 0, 0, 0,
        0, 4, 4, 4, 0, 0, 0, 0
    ]
);

Cart.Tile.set(
    index: 'p'->charCodeAt(index:0)+offset,
    data: [
        0, 0, 0, 0, 0, 0, 0, 0,
        0, 0, 0, 0, 0, 0, 0, 0,
        4, 0, 4, 4, 0, 0, 0, 0,
        4, 4, 0, 0, 4, 0, 0, 0,
        4, 0, 0, 0, 4, 0, 0, 0,
        4, 4, 4, 4, 0, 0, 0, 0,
        4, 0, 0, 0, 0, 0, 0, 0,
        4, 0, 0, 0, 0, 0, 0, 0
    ]
);

Cart.Tile.set(
    index: 'q'->charCodeAt(index:0)+offset,
    data: [
        0, 0, 0, 0, 0, 0, 0, 0,
        0, 0, 0, 0, 0, 0, 0, 0,
        0, 4, 4, 4, 4, 0, 0, 0,
        4, 0, 0, 0, 4, 0, 0, 0,
        4, 0, 0, 4, 4, 0, 0, 0,
        0, 4, 4, 0, 4, 0, 0, 0,
        0, 0, 0, 0, 4, 0, 0, 0,
        0, 0, 0, 0, 4, 0, 0, 0
    ]
);    

Cart.Tile.set(
    index: 'r'->charCodeAt(index:0)+offset,
    data: [
        0, 0, 0, 0, 0, 0, 0, 0,
        0, 0, 0, 0, 0, 0, 0, 0,
        0, 0, 0, 0, 0, 0, 0, 0,
        4, 0, 4, 4, 0, 0, 0, 0,
        4, 4, 0, 0, 4, 0, 0, 0,
        4, 0, 0, 0, 0, 0, 0, 0,
        4, 0, 0, 0, 0, 0, 0, 0,
        4, 0, 0, 0, 0, 0, 0, 0
    ]
);

Cart.Tile.set(
    index: 's'->charCodeAt(index:0)+offset,
    data: [
        0, 0, 0, 0, 0, 0, 0, 0,
        0, 0, 0, 0, 0, 0, 0, 0,
        0, 0, 0, 0, 0, 0, 0, 0,
        0, 4, 4, 4, 4, 0, 0, 0,
        4, 0, 0, 0, 0, 0, 0, 0,
        0, 4, 4, 4, 0, 0, 0, 0,
        0, 0, 0, 0, 4, 0, 0, 0,
        4, 4, 4, 4, 0, 0, 0, 0
    ]
);

Cart.Tile.set(
    index: 't'->charCodeAt(index:0)+offset,
    data: [
        0, 0, 0, 0, 0, 0, 0, 0,
        0, 0, 0, 0, 0, 0, 0, 0,
        0, 0, 4, 0, 0, 0, 0, 0,
        0, 0, 4, 0, 0, 0, 0, 0,
        4, 4, 4, 4, 4, 0, 0, 0,
        0, 0, 4, 0, 0, 0, 0, 0,
        0, 0, 4, 0, 0, 0, 0, 0,
        0, 0, 0, 4, 4, 0, 0, 0
    ]
);

Cart.Tile.set(
    index: 'u'->charCodeAt(index:0)+offset,
    data: [
        0, 0, 0, 0, 0, 0, 0, 0,
        0, 0, 0, 0, 0, 0, 0, 0,
        0, 0, 0, 0, 0, 0, 0, 0,
        4, 0, 0, 0, 4, 0, 0, 0,
        4, 0, 0, 0, 4, 0, 0, 0,
        4, 0, 0, 0, 4, 0, 0, 0,
        4, 0, 0, 4, 4, 0, 0, 0,
        0, 4, 4, 0, 4, 0, 0, 0
    ]
);

Cart.Tile.set(
    index: 'v'->charCodeAt(index:0)+offset,
    data: [
        0, 0, 0, 0, 0, 0, 0, 0,
        0, 0, 0, 0, 0, 0, 0, 0,
        0, 0, 0, 0, 0, 0, 0, 0,
        4, 0, 0, 0, 4, 0, 0, 0,
        4, 0, 0, 0, 4, 0, 0, 0,
        0, 4, 0, 4, 0, 0, 0, 0,
        0, 4, 0, 4, 0, 0, 0, 0,
        0, 0, 4, 0, 0, 0, 0, 0
    ]
);


Cart.Tile.set(
    index: 'w'->charCodeAt(index:0)+offset,
    data: [
        0, 0, 0, 0, 0, 0, 0, 0,
        0, 0, 0, 0, 0, 0, 0, 0,
        0, 0, 0, 0, 0, 0, 0, 0,
        4, 0, 0, 0, 4, 0, 0, 0,
        4, 0, 4, 0, 4, 0, 0, 0,
        4, 0, 4, 0, 4, 0, 0, 0,
        0, 4, 0, 4, 0, 0, 0, 0,
        0, 4, 0, 4, 0, 0, 0, 0
    ]
);

Cart.Tile.set(
    index: 'x'->charCodeAt(index:0)+offset,
    data: [
        0, 0, 0, 0, 0, 0, 0, 0,
        0, 0, 0, 0, 0, 0, 0, 0,
        0, 0, 0, 0, 0, 0, 0, 0,
        4, 0, 0, 0, 4, 0, 0, 0,
        0, 4, 0, 4, 0, 0, 0, 0,
        0, 0, 4, 0, 0, 0, 0, 0,
        0, 4, 0, 4, 0, 0, 0, 0,
        4, 0, 0, 0, 4, 0, 0, 0
    ]
);    

Cart.Tile.set(
    index: 'y'->charCodeAt(index:0)+offset,
    data: [
        0, 0, 0, 0, 0, 0, 0, 0,
        0, 0, 0, 0, 0, 0, 0, 0,
        4, 0, 0, 0, 4, 0, 0, 0,
        4, 0, 0, 0, 4, 0, 0, 0,
        4, 0, 0, 4, 4, 0, 0, 0,
        0, 4, 4, 0, 4, 0, 0, 0,
        0, 0, 0, 0, 4, 0, 0, 0,
        4, 4, 4, 4, 0, 0, 0, 0
    ]
);    

Cart.Tile.set(
    index: 'z'->charCodeAt(index:0)+offset,
    data: [
        0, 0, 0, 0, 0, 0, 0, 0,
        0, 0, 0, 0, 0, 0, 0, 0,
        0, 0, 0, 0, 0, 0, 0, 0,
        4, 4, 4, 4, 4, 0, 0, 0,
        0, 0, 0, 4, 0, 0, 0, 0,
        0, 0, 4, 0, 0, 0, 0, 0,
        0, 4, 0, 0, 0, 0, 0, 0,
        4, 4, 4, 4, 4, 0, 0, 0
    ]
);

Cart.Tile.set(
    index: '0'->charCodeAt(index:0)+offset,
    data: [
        0, 0, 0, 0, 0, 0, 0, 0,
        0, 4, 4, 4, 0, 0, 0, 0,
        4, 0, 0, 0, 4, 0, 0, 0,
        4, 0, 0, 0, 4, 0, 0, 0,
        4, 0, 4, 0, 4, 0, 0, 0,
        4, 0, 0, 0, 4, 0, 0, 0,
        4, 0, 0, 0, 4, 0, 0, 0,
        0, 4, 4, 4, 0, 0, 0, 0
    ]
);

Cart.Tile.set(
    index: '1'->charCodeAt(index:0)+offset,
    data: [
        0, 0, 0, 0, 0, 0, 0, 0,
        0, 0, 4, 0, 0, 0, 0, 0,
        0, 4, 4, 0, 0, 0, 0, 0,
        4, 0, 4, 0, 0, 0, 0, 0,
        0, 0, 4, 0, 0, 0, 0, 0,
        0, 0, 4, 0, 0, 0, 0, 0,
        0, 0, 4, 0, 0, 0, 0, 0,
        4, 4, 4, 4, 4, 0, 0, 0
    ]
);

Cart.Tile.set(
    index: '2'->charCodeAt(index:0)+offset,
    data: [
        0, 0, 0, 0, 0, 0, 0, 0,
        0, 4, 4, 4, 0, 0, 0, 0,
        4, 0, 0, 0, 4, 0, 0, 0,
        0, 0, 0, 0, 4, 0, 0, 0,
        0, 0, 0, 4, 0, 0, 0, 0,
        0, 0, 4, 0, 0, 0, 0, 0,
        0, 4, 0, 0, 0, 0, 0, 0,
        4, 4, 4, 4, 4, 0, 0, 0
    ]
);    

Cart.Tile.set(
    index: '3'->charCodeAt(index:0)+offset,
    data: [
        0, 0, 0, 0, 0, 0, 0, 0,
        0, 4, 4, 4, 0, 0, 0, 0,
        4, 0, 0, 0, 4, 0, 0, 0,
        0, 0, 0, 0, 4, 0, 0, 0,
        0, 0, 4, 4, 0, 0, 0, 0,
        0, 0, 0, 0, 4, 0, 0, 0,
        4, 0, 0, 0, 4, 0, 0, 0,
        0, 4, 4, 4, 0, 0, 0, 0
    ]
);


Cart.Tile.set(
    index: '4'->charCodeAt(index:0)+offset,
    data: [
        0, 0, 0, 0, 0, 0, 0, 0,
        0, 0, 0, 4, 0, 0, 0, 0,
        0, 0, 4, 4, 0, 0, 0, 0,
        0, 4, 0, 4, 0, 0, 0, 0,
        4, 4, 4, 4, 4, 0, 0, 0,
        0, 0, 0, 4, 0, 0, 0, 0,
        0, 0, 0, 4, 0, 0, 0, 0,
        0, 0, 0, 4, 0, 0, 0, 0
    ]
);


Cart.Tile.set(
    index: '5'->charCodeAt(index:0)+offset,
    data: [
        0, 0, 0, 0, 0, 0, 0, 0,
        4, 4, 4, 4, 4, 0, 0, 0,
        4, 0, 0, 0, 0, 0, 0, 0,
        4, 0, 0, 0, 0, 0, 0, 0,
        4, 4, 4, 4, 0, 0, 0, 0,
        0, 0, 0, 0, 4, 0, 0, 0,
        4, 0, 0, 0, 4, 0, 0, 0,
        0, 4, 4, 4, 0, 0, 0, 0
    ]
);

Cart.Tile.set(
    index: '6'->charCodeAt(index:0)+offset,
    data: [
        0, 0, 0, 0, 0, 0, 0, 0,
        0, 4, 4, 4, 0, 0, 0, 0,
        4, 0, 0, 0, 4, 0, 0, 0,
        4, 0, 0, 0, 0, 0, 0, 0,
        4, 4, 4, 4, 0, 0, 0, 0,
        4, 0, 0, 0, 4, 0, 0, 0,
        4, 0, 0, 0, 4, 0, 0, 0,
        0, 4, 4, 4, 0, 0, 0, 0
    ]
);

Cart.Tile.set(
    index: '7'->charCodeAt(index:0)+offset,
    data: [
        0, 0, 0, 0, 0, 0, 0, 0,
        4, 4, 4, 4, 4, 0, 0, 0,
        0, 0, 0, 0, 4, 0, 0, 0,
        0, 0, 0, 0, 4, 0, 0, 0,
        0, 0, 0, 4, 0, 0, 0, 0,
        0, 0, 4, 0, 0, 0, 0, 0,
        0, 4, 0, 0, 0, 0, 0, 0,
        4, 0, 0, 0, 0, 0, 0, 0
    ]
);    

Cart.Tile.set(
    index: '8'->charCodeAt(index:0)+offset,
    data: [
        0, 0, 0, 0, 0, 0, 0, 0,
        0, 4, 4, 4, 0, 0, 0, 0,
        4, 0, 0, 0, 4, 0, 0, 0,
        4, 0, 0, 0, 4, 0, 0, 0,
        0, 4, 4, 4, 0, 0, 0, 0,
        4, 0, 0, 0, 4, 0, 0, 0,
        4, 0, 0, 0, 4, 0, 0, 0,
        0, 4, 4, 4, 0, 0, 0, 0
    ]
);


Cart.Tile.set(
    index: '9'->charCodeAt(index:0)+offset,
    data: [
        0, 0, 0, 0, 0, 0, 0, 0,
        0, 4, 4, 4, 0, 0, 0, 0,
        4, 0, 0, 0, 4, 0, 0, 0,
        4, 0, 0, 0, 4, 0, 0, 0,
        0, 4, 4, 4, 4, 0, 0, 0,
        0, 0, 0, 0, 4, 0, 0, 0,
        4, 0, 0, 0, 4, 0, 0, 0,
        0, 4, 4, 4, 0, 0, 0, 0
    ]
);

Cart.Tile.set(
    index: '.'->charCodeAt(index:0)+offset,
    data: [
        0, 0, 0, 0, 0, 0, 0, 0,
        0, 0, 0, 0, 0, 0, 0, 0,
        0, 0, 0, 0, 0, 0, 0, 0,
        0, 0, 0, 0, 0, 0, 0, 0,
        0, 0, 0, 0, 0, 0, 0, 0,
        0, 0, 0, 0, 0, 0, 0, 0,
        0, 0, 0, 0, 0, 0, 0, 0,
        0, 0, 4, 0, 0, 0, 0, 0
    ]
);                

Cart.Tile.set(
    index: ','->charCodeAt(index:0)+offset,
    data: [
        0, 0, 0, 0, 0, 0, 0, 0,
        0, 0, 0, 0, 0, 0, 0, 0,
        0, 0, 0, 0, 0, 0, 0, 0,
        0, 0, 0, 0, 0, 0, 0, 0,
        0, 0, 0, 0, 0, 0, 0, 0,
        0, 0, 0, 0, 0, 0, 0, 0,
        0, 0, 4, 0, 0, 0, 0, 0,
        0, 4, 0, 0, 0, 0, 0, 0
    ]
);

Cart.Tile.set(
    index: '"'->charCodeAt(index:0)+offset,
    data: [
        0, 0, 0, 0, 0, 0, 0, 0,
        0, 4, 0, 4, 0, 0, 0, 0,
        0, 4, 0, 4, 0, 0, 0, 0,
        0, 0, 0, 0, 0, 0, 0, 0,
        0, 0, 0, 0, 0, 0, 0, 0,
        0, 0, 0, 0, 0, 0, 0, 0,
        0, 0, 0, 0, 0, 0, 0, 0,
        0, 0, 0, 0, 0, 0, 0, 0
    ]
);

Cart.Tile.set(
    index: '\''->charCodeAt(index:0)+offset,
    data: [
        0, 0, 0, 0, 0, 0, 0, 0,
        0, 0, 4, 0, 0, 0, 0, 0,
        0, 0, 4, 0, 0, 0, 0, 0,
        0, 0, 0, 0, 0, 0, 0, 0,
        0, 0, 0, 0, 0, 0, 0, 0,
        0, 0, 0, 0, 0, 0, 0, 0,
        0, 0, 0, 0, 0, 0, 0, 0,
        0, 0, 0, 0, 0, 0, 0, 0
    ]
);

Cart.Tile.set(
    index: '?'->charCodeAt(index:0)+offset,
    data: [
        0, 0, 0, 0, 0, 0, 0, 0,
        0, 4, 4, 4, 0, 0, 0, 0,
        4, 0, 0, 0, 4, 0, 0, 0,
        0, 0, 0, 0, 4, 0, 0, 0,
        0, 0, 4, 4, 0, 0, 0, 0,
        0, 0, 4, 0, 0, 0, 0, 0,
        0, 0, 0, 0, 0, 0, 0, 0,
        0, 0, 4, 0, 0, 0, 0, 0
    ]
);

Cart.Tile.set(
    index: '!'->charCodeAt(index:0)+offset,
    data: [
        0, 0, 0, 0, 0, 0, 0, 0,
        0, 0, 4, 0, 0, 0, 0, 0,
        0, 0, 4, 0, 0, 0, 0, 0,
        0, 0, 4, 0, 0, 0, 0, 0,
        0, 0, 4, 0, 0, 0, 0, 0,
        0, 0, 4, 0, 0, 0, 0, 0,
        0, 0, 0, 0, 0, 0, 0, 0,
        0, 0, 4, 0, 0, 0, 0, 0
    ]
);

Cart.Tile.set(
    index: '@'->charCodeAt(index:0)+offset,
    data: [
        0, 0, 0, 0, 0, 0, 0, 0,
        0, 4, 4, 4, 0, 0, 0, 0,
        4, 0, 0, 4, 4, 0, 0, 0,
        4, 0, 4, 4, 4, 0, 0, 0,
        4, 4, 0, 4, 4, 0, 0, 0,
        4, 0, 4, 4, 0, 0, 0, 0,
        4, 0, 0, 0, 0, 0, 0, 0,
        0, 4, 4, 4, 4, 0, 0, 0
    ]
);

Cart.Tile.set(
    index: '_'->charCodeAt(index:0)+offset,
    data: [
        0, 0, 0, 0, 0, 0, 0, 0,
        0, 0, 0, 0, 0, 0, 0, 0,
        0, 0, 0, 0, 0, 0, 0, 0,
        0, 0, 0, 0, 0, 0, 0, 0,
        0, 0, 0, 0, 0, 0, 0, 0,
        0, 0, 0, 0, 0, 0, 0, 0,
        0, 0, 0, 0, 0, 0, 0, 0,
        4, 4, 4, 4, 4, 0, 0, 0
    ]
);

Cart.Tile.set(
    index: '*'->charCodeAt(index:0)+offset,
    data: [
        0, 0, 0, 0, 0, 0, 0, 0,
        0, 0, 0, 0, 0, 0, 0, 0,
        0, 0, 4, 0, 0, 0, 0, 0,
        4, 0, 4, 0, 4, 0, 0, 0,
        0, 4, 4, 4, 0, 0, 0, 0,
        4, 0, 4, 0, 4, 0, 0, 0,
        0, 0, 4, 0, 0, 0, 0, 0,
        0, 0, 0, 0, 0, 0, 0, 0
    ]
);

Cart.Tile.set(
    index: '#'->charCodeAt(index:0)+offset,
    data: [
        0, 0, 0, 0, 0, 0, 0, 0,
        0, 4, 0, 4, 0, 0, 0, 0,
        0, 4, 0, 4, 0, 0, 0, 0,
        4, 4, 4, 4, 4, 0, 0, 0,
        0, 4, 0, 4, 0, 0, 0, 0,
        4, 4, 4, 4, 4, 0, 0, 0,
        0, 4, 0, 4, 0, 0, 0, 0,
        0, 4, 0, 4, 0, 0, 0, 0
    ]
);

Cart.Tile.set(
    index: '$'->charCodeAt(index:0)+offset,
    data: [
        0, 0, 0, 0, 0, 0, 0, 0,
        0, 0, 4, 0, 0, 0, 0, 0,
        0, 4, 4, 4, 4, 0, 0, 0,
        4, 0, 4, 0, 0, 0, 0, 0,
        0, 4, 4, 4, 0, 0, 0, 0,
        0, 0, 4, 0, 4, 0, 0, 0,
        4, 4, 4, 4, 0, 0, 0, 0,
        0, 0, 4, 0, 0, 0, 0, 0
    ]
);

Cart.Tile.set(
    index: '%'->charCodeAt(index:0)+offset,
    data: [
        0, 0, 0, 0, 0, 0, 0, 0,
        4, 4, 0, 0, 0, 0, 0, 0,
        4, 4, 0, 0, 0, 0, 0, 0,
        0, 0, 0, 0, 4, 0, 0, 0,
        0, 0, 0, 4, 0, 0, 0, 0,
        0, 0, 4, 0, 0, 0, 0, 0,
        0, 4, 0, 4, 4, 0, 0, 0,
        4, 0, 0, 4, 4, 0, 0, 0
    ]
);

Cart.Tile.set(
    index: '&'->charCodeAt(index:0)+offset,
    data: [
        0, 0, 0, 0, 0, 0, 0, 0,
        0, 4, 0, 0, 0, 0, 0, 0,
        4, 0, 4, 0, 0, 0, 0, 0,
        4, 0, 4, 0, 0, 0, 0, 0,
        0, 4, 0, 0, 0, 0, 0, 0,
        4, 0, 4, 0, 4, 0, 0, 0,
        4, 0, 0, 4, 0, 0, 0, 0,
        0, 4, 4, 0, 4, 0, 0, 0
    ]
);                

Cart.Tile.set(
    index: '('->charCodeAt(index:0)+offset,
    data: [
        0, 0, 0, 0, 0, 0, 0, 0,
        0, 0, 4, 0, 0, 0, 0, 0,
        0, 4, 0, 0, 0, 0, 0, 0,
        0, 4, 0, 0, 0, 0, 0, 0,
        0, 4, 0, 0, 0, 0, 0, 0,
        0, 4, 0, 0, 0, 0, 0, 0,
        0, 4, 0, 0, 0, 0, 0, 0,
        0, 0, 4, 0, 0, 0, 0, 0
    ]
);

Cart.Tile.set(
    index: ')'->charCodeAt(index:0)+offset,
    data: [
        0, 0, 0, 0, 0, 0, 0, 0,
        0, 0, 4, 0, 0, 0, 0, 0,
        0, 0, 0, 4, 0, 0, 0, 0,
        0, 0, 0, 4, 0, 0, 0, 0,
        0, 0, 0, 4, 0, 0, 0, 0,
        0, 0, 0, 4, 0, 0, 0, 0,
        0, 0, 0, 4, 0, 0, 0, 0,
        0, 0, 4, 0, 0, 0, 0, 0
    ]
);                

Cart.Tile.set(
    index: '+'->charCodeAt(index:0)+offset,
    data: [
        0, 0, 0, 0, 0, 0, 0, 0,
        0, 0, 0, 0, 0, 0, 0, 0,
        0, 0, 4, 0, 0, 0, 0, 0,
        0, 0, 4, 0, 0, 0, 0, 0,
        4, 4, 4, 4, 4, 0, 0, 0,
        0, 0, 4, 0, 0, 0, 0, 0,
        0, 0, 4, 0, 0, 0, 0, 0,
        0, 0, 0, 0, 0, 0, 0, 0
    ]
);

Cart.Tile.set(
    index: '-'->charCodeAt(index:0)+offset,
    data: [
        0, 0, 0, 0, 0, 0, 0, 0,
        0, 0, 0, 0, 0, 0, 0, 0,
        0, 0, 0, 0, 0, 0, 0, 0,
        0, 0, 0, 0, 0, 0, 0, 0,
        4, 4, 4, 4, 4, 0, 0, 0,
        0, 0, 0, 0, 0, 0, 0, 0,
        0, 0, 0, 0, 0, 0, 0, 0,
        0, 0, 0, 0, 0, 0, 0, 0
    ]
);

Cart.Tile.set(
    index: '/'->charCodeAt(index:0)+offset,
    data: [
        0, 0, 0, 0, 0, 0, 0, 0,
        0, 0, 0, 0, 0, 0, 0, 0,
        0, 0, 0, 0, 4, 0, 0, 0,
        0, 0, 0, 4, 0, 0, 0, 0,
        0, 0, 4, 0, 0, 0, 0, 0,
        0, 4, 0, 0, 0, 0, 0, 0,
        4, 0, 0, 0, 0, 0, 0, 0,
        0, 0, 0, 0, 0, 0, 0, 0
    ]
);

Cart.Tile.set(
    index: ':'->charCodeAt(index:0)+offset,
    data: [
        0, 0, 0, 0, 0, 0, 0, 0,
        0, 0, 0, 0, 0, 0, 0, 0,
        0, 0, 4, 0, 0, 0, 0, 0,
        0, 0, 0, 0, 0, 0, 0, 0,
        0, 0, 0, 0, 0, 0, 0, 0,
        0, 0, 0, 0, 0, 0, 0, 0,
        0, 0, 4, 0, 0, 0, 0, 0,
        0, 0, 0, 0, 0, 0, 0, 0
    ]
);

Cart.Tile.set(
    index: ';'->charCodeAt(index:0)+offset,
    data: [
        0, 0, 0, 0, 0, 0, 0, 0,
        0, 0, 0, 0, 0, 0, 0, 0,
        0, 0, 4, 0, 0, 0, 0, 0,
        0, 0, 0, 0, 0, 0, 0, 0,
        0, 0, 0, 0, 0, 0, 0, 0,
        0, 0, 0, 0, 0, 0, 0, 0,
        0, 0, 4, 0, 0, 0, 0, 0,
        0, 4, 0, 0, 0, 0, 0, 0
    ]
);

Cart.Tile.set(
    index: '<'->charCodeAt(index:0)+offset,
    data: [
        0, 0, 0, 0, 0, 0, 0, 0,
        0, 0, 0, 0, 0, 0, 0, 0,
        0, 0, 0, 4, 4, 0, 0, 0,
        0, 4, 4, 0, 0, 0, 0, 0,
        4, 0, 0, 0, 0, 0, 0, 0,
        0, 4, 4, 0, 0, 0, 0, 0,
        0, 0, 0, 4, 4, 0, 0, 0,
        0, 0, 0, 0, 0, 0, 0, 0
    ]
);

Cart.Tile.set(
    index: '='->charCodeAt(index:0)+offset,
    data: [
        0, 0, 0, 0, 0, 0, 0, 0,
        0, 0, 0, 0, 0, 0, 0, 0,
        0, 0, 0, 0, 0, 0, 0, 0,
        4, 4, 4, 4, 4, 0, 0, 0,
        0, 0, 0, 0, 0, 0, 0, 0,
        4, 4, 4, 4, 4, 0, 0, 0,
        0, 0, 0, 0, 0, 0, 0, 0,
        0, 0, 0, 0, 0, 0, 0, 0
    ]
);
Cart.Tile.set(
    index: '>'->charCodeAt(index:0)+offset,
    data: [
        0, 0, 0, 0, 0, 0, 0, 0,
        0, 0, 0, 0, 0, 0, 0, 0,
        4, 4, 0, 0, 0, 0, 0, 0,
        0, 0, 4, 4, 0, 0, 0, 0,
        0, 0, 0, 0, 4, 0, 0, 0,
        0, 0, 4, 4, 0, 0, 0, 0,
        4, 4, 0, 0, 0, 0, 0, 0,
        0, 0, 0, 0, 0, 0, 0, 0
    ]
);

Cart.Tile.set(
    index: '['->charCodeAt(index:0)+offset,
    data: [
        0, 0, 0, 0, 0, 0, 0, 0,
        0, 0, 4, 4, 0, 0, 0, 0,
        0, 0, 4, 0, 0, 0, 0, 0,
        0, 0, 4, 0, 0, 0, 0, 0,
        0, 0, 4, 0, 0, 0, 0, 0,
        0, 0, 4, 0, 0, 0, 0, 0,
        0, 0, 4, 0, 0, 0, 0, 0,
        0, 0, 4, 4, 0, 0, 0, 0
    ]
);

Cart.Tile.set(
    index: '\\'->charCodeAt(index:0)+offset,
    data: [
        0, 0, 0, 0, 0, 0, 0, 0,
        0, 0, 0, 0, 0, 0, 0, 0,
        4, 0, 0, 0, 0, 0, 0, 0,
        0, 4, 0, 0, 0, 0, 0, 0,
        0, 0, 4, 0, 0, 0, 0, 0,
        0, 0, 0, 4, 0, 0, 0, 0,
        0, 0, 0, 0, 4, 0, 0, 0,
        0, 0, 0, 0, 0, 0, 0, 0
    ]
);

Cart.Tile.set(
    index: ']'->charCodeAt(index:0)+offset,
    data: [
        0, 0, 0, 0, 0, 0, 0, 0,
        0, 4, 4, 0, 0, 0, 0, 0,
        0, 0, 4, 0, 0, 0, 0, 0,
        0, 0, 4, 0, 0, 0, 0, 0,
        0, 0, 4, 0, 0, 0, 0, 0,
        0, 0, 4, 0, 0, 0, 0, 0,
        0, 0, 4, 0, 0, 0, 0, 0,
        0, 4, 4, 0, 0, 0, 0, 0
    ]
);

Cart.Tile.set(
    index: '^'->charCodeAt(index:0)+offset,
    data: [
        0, 0, 0, 0, 0, 0, 0, 0,
        0, 0, 4, 0, 0, 0, 0, 0,
        0, 4, 0, 4, 0, 0, 0, 0,
        4, 0, 0, 0, 4, 0, 0, 0,
        0, 0, 0, 0, 0, 0, 0, 0,
        0, 0, 0, 0, 0, 0, 0, 0,
        0, 0, 0, 0, 0, 0, 0, 0,
        0, 0, 0, 0, 0, 0, 0, 0
    ]
);

Cart.Tile.set(
    index: '`'->charCodeAt(index:0)+offset,
    data: [
        0, 0, 0, 0, 0, 0, 0, 0,
        0, 4, 0, 0, 0, 0, 0, 0,
        0, 0, 4, 0, 0, 0, 0, 0,
        0, 0, 0, 0, 0, 0, 0, 0,
        0, 0, 0, 0, 0, 0, 0, 0,
        0, 0, 0, 0, 0, 0, 0, 0,
        0, 0, 0, 0, 0, 0, 0, 0,
        0, 0, 0, 0, 0, 0, 0, 0
    ]
);                

Cart.Tile.set(
    index: '{'->charCodeAt(index:0)+offset,
    data: [
        0, 0, 0, 0, 0, 0, 0, 0,
        0, 0, 4, 4, 0, 0, 0, 0,
        0, 0, 4, 0, 0, 0, 0, 0,
        0, 0, 4, 0, 0, 0, 0, 0,
        0, 4, 0, 0, 0, 0, 0, 0,
        0, 0, 4, 0, 0, 0, 0, 0,
        0, 0, 4, 0, 0, 0, 0, 0,
        0, 0, 4, 4, 0, 0, 0, 0
    ]
);

Cart.Tile.set(
    index: '|'->charCodeAt(index:0)+offset,
    data: [
        0, 0, 0, 0, 0, 0, 0, 0,
        0, 0, 4, 0, 0, 0, 0, 0,
        0, 0, 4, 0, 0, 0, 0, 0,
        0, 0, 4, 0, 0, 0, 0, 0,
        0, 0, 4, 0, 0, 0, 0, 0,
        0, 0, 4, 0, 0, 0, 0, 0,
        0, 0, 4, 0, 0, 0, 0, 0,
        0, 0, 4, 0, 0, 0, 0, 0
    ]
);

Cart.Tile.set(
    index: '}'->charCodeAt(index:0)+offset,
    data: [
        0, 0, 0, 0, 0, 0, 0, 0,
        0, 4, 4, 0, 0, 0, 0, 0,
        0, 0, 4, 0, 0, 0, 0, 0,
        0, 0, 4, 0, 0, 0, 0, 0,
        0, 0, 0, 4, 0, 0, 0, 0,
        0, 0, 4, 0, 0, 0, 0, 0,
        0, 0, 4, 0, 0, 0, 0, 0,
        0, 4, 4, 0, 0, 0, 0, 0
    ]
);

Cart.Tile.set(
    index: '~'->charCodeAt(index:0)+offset,
    data: [
        0, 0, 0, 0, 0, 0, 0, 0,
        0, 0, 0, 0, 0, 0, 0, 0,
        0, 0, 0, 0, 0, 0, 0, 0,
        0, 4, 0, 0, 0, 0, 0, 0,
        4, 0, 4, 0, 4, 0, 0, 0,
        0, 0, 0, 4, 0, 0, 0, 0,
        0, 0, 0, 0, 0, 0, 0, 0,
        0, 0, 0, 0, 0, 0, 0, 0
    ]
);





@count = 0;
@free = [];

@countPalettes = 0;
@:freePalettes = [];

@:GLYPH_HEIGHT = 8;
@:GLYPH_WIDTH = 6;


return {
    create::(string, x, y, r, g, b) {
        
        @refs = {
            sprites : [],
            palette : if (freePalettes->keycount) 
                            freePalettes->pop
                      else ::<= {
                            count += 1;
                            return count - 1;
                      } 
        };
        
        Cart.Palette.set(
            index:refs.palette,
            colors: [
                [r, g, b],
                [r, g, b],
                [r, g, b],
                [r, g, b]
            ]
        );
        
        
        @chX = 0;
        @chY = 0;
                
        [0, string->length]->for(do:::(i) {
            @spr = if (free->keycount) free->pop else ::<= {
                count += 1;
                return count - 1;
            };
            Cart.Sprite.set(
                index: spr,
                tile: string->charCodeAt(index:i),
                show:true,
                x: chX * GLYPH_WIDTH  + x,
                y: chY * GLYPH_HEIGHT + y,
                palette: refs.palette
            );
            chX += 1;
            refs.sprites->push(value:spr);
        });
        return refs;
    },
    
    
    destroy::(refs) {
        refs.sprites->foreach(do:::(i, spr) {
            Cart.Sprite.set(
                index: spr,
                show:false
            );
        });
        free = [...free, ...refs.sprites];
        freePalettes->push(value:refs.palette);
    }
};
